13	14	.  Microsatellite data set Myotis myotis
20	population_number___1
Agli__01	 22.32	27.31	14.16	21.25	17.18	17.19	09.19	14.17	14.25	23.46	19.21	62.66	15.18	20.22
Agli__02	 28.29	16.32	14.14	24.25	17.17	20.27	09.19	13.19	13.26	23.27	17.21	60.64	15.16	21.25
Agli__03	 25.30	27.30	14.14	20.21	17.22	23.25	09.25	14.14	23.25	27.41	16.17	42.44	14.18	24.25
Agli__04	 25.29	27.27	14.14	24.25	17.18	21.21	09.25	14.17	13.14	23.23	17.18	44.44	14.14	20.21
Agli__05	 28.32	27.29	14.17	20.25	17.22	19.21	19.24	13.17	20.27	23.23	17.17	44.46	14.16	21.24
Agli__06	 25.28	28.29	14.14	25.26	17.17	23.23	21.24	17.17	14.25	23.27	17.18	44.54	14.14	25.25
Agli__07	 26.27	21.26	17.17	20.22	17.17	21.23	21.22	17.17	13.22	23.27	11.17	46.66	14.18	23.24
Agli__08	 28.29	16.28	14.14	21.25	18.21	19.22	09.23	13.17	19.24	27.27	19.19	40.42	20.21	21.24
Agli__09	 24.29	15.27	14.17	25.26	17.20	19.21	09.21	14.17	25.25	23.27	12.17	44.62	14.19	23.24
Agli__10    	 26.28	29.29	14.17	20.21	17.18	22.24	09.19	14.14	20.21	23.25	17.18	44.56	14.21	22.23
Agli__11	 26.28	15.31	14.14	19.27	17.18	20.21	09.25	14.14	20.21	23.25	17.17	42.60	17.19	17.22
Agli__12	 23.28	16.29	14.18	21.23	17.19	22.27	23.25	14.17	24.25	20.23	17.21	44.62	17.20	22.22
Agli__13 	 26.28	15.15	14.14	20.21	18.21	19.20	09.24	14.14	22.24	23.25	17.17	44.48	18.20	22.23
Agli__14	 28.30	29.30	14.18	12.19	17.22	19.19	09.25	14.14	23.23	23.27	17.18	40.50	18.20	24.27
Agli__15	 25.25	23.31	14.14	19.26	17.17	17.19	09.25	14.14	23.25	27.27	15.16	46.50	14.18	21.22
Agli__16	 26.28	15.28	14.17	24.24	17.17	19.21	23.23	14.19	21.25	23.27	15.21	40.42	15.20	23.23
Agli__17	 27.28	25.30	14.14	12.20	17.18	22.23	09.19	13.15	23.25	23.27	17.21	40.56	17.18	23.25
Agli__18	 26.28	29.32	14.17	22.24	17.18	21.22	23.25	15.17	24.25	23.23	15.17	46.62	14.20	22.22
Agli__19	 24.29	24.25	14.19	19.22	18.20	20.23	09.27	14.17	23.23	23.27	17.17	56.62	14.18	21.22
Agli__20    	 25.26	15.32	14.14	22.25	17.17	19.21	23.25	13.13	15.24	27.27	15.17	56.62	18.19	14.27
20	population_number___2
Anno__01        29.29   13.13   16.17   14.27   18.24   22.24   09.22   14.17   26.26   23.46   12.20   58.60   20.21   20.20
Anno__02        27.31   32.33   17.17   22.30   17.18   20.21   23.23   16.17   14.25   43.46   19.25   44.52   14.16   22.24
Anno__03        26.30   24.30   16.17   26.27   19.20   18.21   24.26   11.19   14.26   23.43   11.12   40.60   18.21   14.18
Anno__04        24.26   24.28   17.17   25.26   17.20   21.22   21.23   16.19   13.13   44.47   15.20   42.46   15.17   19.22
Anno__05        29.32   23.24   14.19   12.27   20.20   25.25   09.09   19.19   23.25   23.44   11.15   56.62   19.19   20.20
Anno__06        21.31   13.17   16.17   14.22   18.24   20.21   09.21   16.17   20.20   43.48   15.16   60.64   14.16   20.23
Anno__07        25.29   25.25   16.16   19.25   17.20   23.24   09.21   14.14   21.25   43.45   13.18   60.68   17.20   18.23
Anno__08        28.30   13.16   16.17   24.25   20.21   20.24   09.23   14.16   13.21   23.41   16.19   48.58   16.20   22.25
Anno__09        28.28   25.36   16.17   20.20   16.17   24.24   21.24   19.20   26.26   42.48   16.26   56.60   14.20   20.20
Anno__10        21.28   22.30   17.18   15.26   17.21   23.23   09.25   16.19   20.25   23.23   18.24   42.60   15.22   18.21
Anno__11        29.29   26.30   17.18   19.24   18.20   21.24   12.22   14.19   20.23   36.41   15.20   42.58   16.21   20.20
Anno__12        16.29   24.27   16.17   25.27   16.17   21.23   23.23   11.14   26.26   43.46   10.17   62.64   14.17   20.20
Anno__13        28.28   13.23   16.19   20.24   17.20   20.23   09.23   14.16   19.24   23.23   16.20   60.64   15.20   20.25
Anno__14        21.21   25.31   14.16   25.26   20.20   20.24   09.25   19.19   13.14   23.43   12.19   64.64   18.21   20.23
Anno__15        25.30   25.31   16.17   19.21   17.20   21.23   21.21   14.15   24.25   23.43   18.19   42.60   16.17   18.25
Anno__16        32.33   13.27   16.17   12.24   20.21   22.25   24.24   11.14   14.17   37.44   11.15   60.66   21.21   20.24
Anno__17        24.26   28.30   17.18   19.24   20.20   21.22   09.19   15.19   17.24   27.29   16.18   48.64   18.20   20.23
Anno__18        24.29   13.30   17.17   24.26   17.22   23.25   09.24   11.17   20.24   23.46   16.18   40.66   19.20   21.27
Anno__19        22.24   13.28   17.18   14.14   17.20   21.23   09.19   15.16   24.25   27.43   15.26   48.48   18.18   20.22
Anno__20        28.30   27.30   16.17   26.26   21.21   22.22   22.23   15.17   19.23   23.23   16.16   42.42   15.20   20.23
20	population_number___3
Balmed__01       20.26  23.32   17.18   19.23   17.22   21.25   09.22   17.19   14.26   41.41   11.13   42.62   14.15   20.20
Balmed__02       24.31  25.29   16.19   19.24   17.21   19.22   09.23   16.18   25.25   41.44   20.26   32.58   14.20   23.23
Balmed__03 	 24.29  13.25   16.17   21.26   20.22   20.21   23.24   16.18   17.20   27.41   19.19   40.42   20.21   23.24
Balmed__04       28.30  23.28   16.19   26.27   20.22   23.25   09.21   11.20   14.22   23.23   12.15   40.42   15.18   20.24
Balmed__05       24.28  26.27   16.17   23.24   20.20   22.24   09.24   14.16   20.26   23.41   17.19   58.58   15.20   20.21
Balmed__06       23.24  16.29   17.17   14.26   17.20   20.21   09.22   18.19   22.24   42.43   20.20   44.62   17.18   17.20
Balmed__07       25.30  16.32   16.17   19.24   17.17   21.22   09.22   18.19   19.23   40.42   11.17   42.64   17.17   20.23
Balmed__08       27.28  16.28   17.18   14.15   17.20   20.23   21.24   17.19   14.23   23.50   16.19   42.42   17.21   23.25
Balmed__09       20.33  16.24   16.18   25.26   17.20   20.21   22.24   14.19   22.25   27.36   19.19   40.66   16.16   23.24
Balmed__10       20.28  13.27   16.17   12.20   20.23   21.22   09.23   19.19   17.25   23.23   12.16   48.58   16.21   20.24
Balmed__11       29.30  12.26   17.17   20.27   17.20   21.22   09.21   14.16   25.26   23.34   19.20   49.58   15.22   21.25
Balmed__12       20.28  25.28   18.19   25.27   17.20   22.23   09.21   17.17   20.23   45.46   09.17   42.60   14.14   20.20
Balmed__13       20.28  26.29   16.17   19.24   20.23   21.23   09.26   14.20   13.21   23.44   15.26   42.62   19.20   20.23
Balmed__14       29.33  23.28   16.17   19.21   20.22   20.20   09.22   15.17   15.19   41.47   18.27   38.50   17.20   20.23
Balmed__15       25.30  16.27   16.16   25.26   17.18   21.22   21.24   19.19   19.23   23.33   12.17   40.66   17.20   20.20
Balmed__16       20.27  28.29   17.18   15.19   20.21   22.25   09.21   14.17   25.26   44.44   15.17   32.62   17.18   23.23
Balmed__17       28.35  27.30   17.18   24.25   20.21   18.25   21.26   14.18   23.26   36.48   16.26   58.64   21.21   21.25
Balmed__18       31.33  27.28   18.19   24.27   15.19   20.23   09.24   17.19   26.26   36.44   18.19   42.42   14.15   20.21
Balmed__19       22.30  26.26   18.18   26.26   20.21   21.22   09.09   14.15   22.26   23.46   18.18   32.46   20.20   20.23
Balmed__20       25.30  13.28   14.14   24.27   17.20   19.24   09.24   14.17   25.25   44.51   19.19   32.60   17.20   23.23
20	population_number___4
Ougney__1        18.31   21.24   17.18   12.18   17.21   20.24   09.22   18.19   13.19   27.50   16.18   40.64   16.17   22.24
Ougney__2        23.25   13.24   16.17   19.24   20.20   22.22   22.23   19.19   23.23   41.45   13.16   58.60   17.20   18.20
Ougney__3        22.28   16.20   17.18   21.26   20.23   18.21   21.22   14.14   22.23   33.44   17.25   42.60   15.20   20.22
Ougney__4        33.34   13.13   16.17   19.28   18.20   20.22   19.21   14.20   13.23   42.45   17.19   40.56   14.17   14.21
Ougney__5        20.27   16.23   17.17   12.25   15.19   20.22   09.20   14.19   25.26   23.23   13.17   40.44   14.16   20.23
Ougney__6        25.28   23.24   16.17   24.24   17.22   20.22   23.25   13.16   14.19   23.50   16.25   42.44   14.16   18.20
Ougney__7        25.29   30.31   17.18   20.25   17.21   20.24   09.24   14.16   13.19   23.31   12.18   40.44   16.18   20.21
Ougney__8        30.31   13.16   16.17   23.24   17.17   21.21   21.23   14.18   15.23   42.46   12.26   43.52   15.15   18.21
Ougney__9        20.28   24.25   17.17   24.25   20.23   20.21   09.09   14.14   14.23   23.34   15.15   38.60   14.20   17.22
Ougney__10       25.28   23.23   18.19   24.24   18.18   20.21   09.23   15.16   23.25   23.43   15.17   56.56   20.20   20.24
Ougney__11       24.25   16.21   17.17   12.21   18.20   19.24   09.24   14.14   22.24   23.41   11.26   58.64   15.20   20.24
Ougney__12       25.29   13.28   17.18   24.26   17.17   21.24   09.23   11.18   17.24   23.23   13.20   52.52   15.20   20.21
Ougney__13       26.27   13.30   17.18   12.25   17.19   21.23   09.22   11.14   14.20   23.46   16.17   44.46   17.17   21.21
Ougney__14       28.29   29.30   16.17   23.25   18.21   20.22   22.25   14.14   13.23   27.38   11.17   60.62   15.20   21.24
Ougney__15       25.26   13.24   17.17   25.26   20.20   22.22   21.25   18.18   14.24   27.46   12.26   46.64   17.21   24.24
Ougney__16       18.24   17.23   16.18   24.26   17.20   23.23   09.21   14.16   24.25   41.41   20.26   64.66   15.16   20.22
Ougney__17       25.29   13.25   16.17   19.24   18.20   22.22   09.09   14.14   14.24   42.43   15.20   48.60   18.19   20.23
Ougney__18       24.32   13.24   17.17   19.27   20.21   18.21   09.09   14.14   14.17   23.23   12.21   48.60   18.20   23.23
Ougney__19       24.28   13.23   16.17   14.26   17.17   21.22   09.24   14.16   23.24   23.43   12.16   42.60   16.16   20.27
Ougney__20       30.31   28.32   17.18   18.20   20.23   20.20   22.24   18.18   19.25   23.23   15.16   40.64   18.20   20.25
20	population_number___5
St-Hipp__1       24.26   13.31   17.17   24.26   18.20   23.23   09.27   14.15   16.21   27.47   15.26   42.46   15.19   19.22
St-Hipp__2       27.29   13.25   16.17   22.22   18.22   22.22   09.09   14.19   22.23   23.23   16.19   44.46   15.21   20.24
St-Hipp__3       18.24   21.30   16.17   19.26   20.21   21.21   19.21   14.19   14.25   23.48   15.16   46.68   17.20   18.23
St-Hipp__4       25.30   13.23   17.18   20.24   17.20   22.25   19.23   14.18   14.24   41.42   16.19   56.60   15.21   21.22
St-Hipp__5       24.25   28.31   17.17   22.25   17.17   21.23   21.21   15.16   12.23   43.45   16.25   46.58   18.20   14.21
St-Hipp__6       26.28   19.20   16.17   25.28   17.17   21.23   09.22   17.17   14.25   23.49   17.21   40.44   19.19   18.22
St-Hipp__7       24.32   22.28   17.18   25.27   17.19   21.23   09.20   17.18   13.19   27.41   11.16   44.58   17.18   21.23
St-Hipp__8       18.24   24.30   16.16   19.24   20.23   21.22   24.26   16.18   13.22   27.43   15.15   42.56   15.16   20.23
St-Hipp__9       26.26   25.28   14.18   24.27   20.22   20.24   09.26   14.19   22.22   34.41   11.12   56.56   20.20   20.25
St-Hipp__10      24.34   28.28   16.17   21.25   19.20   20.20   22.25   14.14   22.24   35.45   11.20   52.64   15.15   20.23
St-Hipp__11      18.33   26.29   16.17   22.27   17.19   22.23   09.26   14.18   13.25   23.23   20.26   46.64   15.20   24.25
St-Hipp__12      24.25   13.26   16.18   19.25   17.19   20.20   20.21   13.18   19.22   45.46   19.26   44.60   17.20   20.21
St-Hipp__13      30.31   30.31   17.17   25.25   19.20   20.24   09.21   16.19   14.22   36.46   19.22   42.44   20.21   20.24
St-Hipp__14      23.26   30.32   16.18   24.25   17.21   20.22   09.19   18.19   15.22   23.45   11.20   56.62   17.17   22.23
St-Hipp__15      26.27   16.31   17.18   22.26   17.17   21.25   09.23   14.17   12.14   19.23   16.27   60.64   16.16   18.25
St-Hipp__16      28.29   26.26   14.17   12.20   17.22   21.25   09.23   14.18   14.23   23.41   15.26   46.72   16.17   20.20
St-Hipp__17      22.24   27.30   17.17   19.19   17.20   20.21   20.21   14.15   14.21   31.46   17.27   44.56   17.20   20.20
St-Hipp__18      23.24   13.22   14.17   24.24   17.21   21.23   21.22   14.18   14.25   23.41   15.18   42.66   18.19   20.23
St-Hipp__19      25.27   25.30   17.18   24.25   18.20   19.22   09.19   14.18   17.25   42.46   18.19   42.44   21.21   22.23
St-Hipp__20      26.27   13.30   16.18   20.25   18.21   18.20   09.21   14.18   14.24   34.46   15.16   38.49   15.16   24.25
20	population_number___6
Perreu__01       24.30  16.24   16.18   12.22   18.21   22.23   09.21   14.17   13.15   23.46   17.26   40.62   16.18   22.25
Perreu__02       21.27  21.28   14.16   14.24   15.22   23.23   25.25   15.18   19.23   33.36   11.19   44.46   15.15   18.25
Perreu__03       18.29  24.30   16.17   21.26   15.22   21.25   09.09   14.18   24.25   41.42   20.26   46.54   17.20   22.25
Perreu__04       25.31  13.23   16.17   25.31   17.20   20.22   09.21   14.17   13.14   16.34   13.15   60.66   15.16   22.23
Perreu__05       18.23  13.33   16.17   12.24   17.17   21.21   09.21   14.20   14.22   23.44   19.19   44.52   17.21   18.24
Perreu__06       22.29  24.31   16.18   26.27   15.17   25.25   09.21   18.18   13.25   42.46   16.26   46.66   17.17   25.25
Perreu__07       30.30  19.27   17.17   19.25   17.21   20.20   19.23   14.14   20.22   23.44   16.16   44.62   14.17   18.24
Perreu__08       25.26  29.30   18.18   20.25   17.23   20.20   24.25   14.19   19.24   23.41   17.25   42.45   18.21   18.25
Perreu__09       28.31  28.30   16.18   18.26   17.20   20.23   09.09   16.19   14.15   27.44   15.19   45.55   17.21   23.24
Perreu__10       20.27  13.26   17.17   23.26   17.21   21.23   21.23   17.17   13.14   41.44   16.16   42.60   16.17   20.20
Perreu__11       24.25  25.31   16.16   22.26   17.25   21.23   09.09   14.17   13.25   43.44   12.16   40.58   19.21   20.23
Perreu__12       25.28  13.27   16.18   21.23   20.20   22.22   20.22   14.17   17.20   23.43   15.18   42.48   20.20   23.23
Perreu__13       20.28  16.27   16.16   19.21   18.20   21.22   20.23   17.19   14.17   23.43   15.17   44.48   20.20   20.23
Perreu__14       25.30  16.31   16.16   24.24   18.20   21.22   20.20   15.19   17.24   37.38   15.20   48.62   16.20   17.20
Perreu__15       26.28  26.28   17.17   12.26   17.21   18.23   09.26   14.18   14.23   23.42   11.19   44.46   20.20   23.25
Perreu__16       20.25  16.24   16.19   21.24   21.21   20.22   09.22   14.14   20.24   23.33   15.27   58.62   17.19   20.20
Perreu__17       25.30  29.31   16.17   24.26   17.18   20.20   19.21   15.16   22.26   33.44   12.19   56.58   15.16   14.21
Perreu__18       22.25  13.21   14.16   14.20   19.20   21.23   09.21   14.19   14.23   23.44   13.19   46.60   15.20   20.20
Perreu__19       22.24  13.29   16.17   21.24   17.20   22.22   09.19   15.17   13.23   43.44   19.26   56.64   16.17   14.21
Perreu__20       25.29  16.31   16.16   24.26   20.20   20.22   20.20   14.15   14.17   37.41   15.16   40.62   16.19   17.20
20	population_number___7
Corbi__1         29.32  12.26   16.16   12.25   21.22   22.23   09.24   13.13   24.24   34.47   11.17   52.62   20.21   17.25
Corbi__2         22.33  23.24   17.17   24.24   17.17   23.23   09.21   14.19   15.22   44.44   26.26   46.56   18.19   20.25
Corbi__3         23.25  19.25   17.17   14.27   17.19   21.23   20.26   14.16   14.19   23.42   11.12   42.58   15.17   20.21
Corbi__4         27.30  16.24   16.17   23.26   17.17   20.21   09.21   14.19   15.22   23.38   12.20   46.56   14.18   20.20
Corbi__5         25.26  26.26   18.18   20.24   17.20   20.21   09.09   19.19   21.23   34.41   19.20   54.60   17.19   21.23
Corbi__6         25.28  22.32   16.16   25.25   20.20   23.25   21.26   14.20   14.24   23.34   15.15   58.62   16.20   21.24
Corbi__7         22.25  24.29   17.17   24.25   17.21   21.22   09.25   14.18   13.25   23.43   17.21   44.50   17.20   25.27
Corbi__8         25.35  12.28   17.17   19.21   17.20   22.24   20.21   16.19   19.22   23.51   11.16   54.60   18.21   20.21
Corbi__9         29.30  13.24   18.19   26.26   18.20   21.24   09.21   14.18   22.24   29.52   11.17   58.62   20.21   20.25
Corbi__10        24.31  17.21   16.18   25.27   20.21   21.23   09.21   14.19   13.20   45.46   17.19   44.58   15.16   24.25
Corbi__11        28.30  13.13   17.18   19.20   17.21   22.25   23.23   14.17   20.24   34.50   19.19   58.62   15.17   14.25
Corbi__12        24.25  13.26   17.19   26.27   18.21   22.23   09.09   11.19   16.22   35.42   16.26   42.42   16.21   23.23
Corbi__13        22.25  24.31   16.17   25.26   17.17   21.24   24.25   14.16   24.25   23.51   15.21   44.62   19.20   25.25
Corbi__14        22.33  23.24   17.17   24.24   17.17   21.22   09.09   14.19   13.14   23.46   11.26   56.62   16.18   20.22
Corbi__15        24.25  26.31   16.17   12.26   15.18   21.22   23.24   14.19   21.21   42.44   16.26   56.56   16.21   21.22
Corbi__16        22.29  28.30   14.16   19.21   18.21   21.22   09.21   15.15   13.18   41.41   16.19   42.42   14.21   21.22
Corbi__17        24.25  24.27   17.17   24.26   20.21   22.25   09.22   14.19   24.25   23.42   19.26   58.62   14.19   14.20
Corbi__18        22.27  25.30   16.18   24.26   17.20   21.23   09.21   15.18   15.22   23.23   18.19   42.56   14.15   20.20
Corbi__19        22.28  27.28   17.18   12.24   17.17   22.22   09.25   14.19   13.15   44.53   19.20   42.42   21.21   15.23
Corbi__20        24.24  13.21   16.16   24.24   17.17   20.22   09.23   14.19   14.23   27.48   16.16   44.60   21.21   20.20
20	population_number___8
Courte__1        20.26  24.31   17.19   12.26   17.20   21.22   09.24   14.14   14.22   23.27   11.20   40.60   15.18   21.21
Courte__2        28.28  27.28   17.17   24.25   18.22   21.23   09.25   15.16   14.22   23.41   11.27   49.62   14.15   14.21
Courte__3        18.30  24.26   17.17   22.23   17.18   22.25   09.22   15.18   14.20   23.44   15.17   42.62   14.20   17.20
Courte__4        24.25  16.25   17.18   20.26   17.17   21.22   09.09   16.19   14.26   23.44   17.19   45.48   15.21   23.24
Courte__5        28.28  23.25   17.18   12.30   19.20   21.23   09.24   15.18   13.14   23.23   11.16   42.44   15.20   20.21
Courte__6        23.25  25.29   14.17   12.30   18.18   20.21   09.09   14.16   19.24   41.42   14.16   44.60   20.20   20.23
Courte__7        24.25  13.26   16.17   25.25   21.21   20.21   09.09   17.18   14.20   33.43   19.20   40.64   16.21   18.20
Courte__8        24.25  13.24   16.17   25.26   18.19   20.22   09.21   14.19   14.23   23.41   15.26   56.60   15.16   21.24
Courte__9        22.24  29.30   18.18   23.27   18.20   20.21   09.25   11.14   13.25   23.46   17.20   40.42   20.20   20.20
Courte__10       23.27  13.29   14.17   24.26   17.23   20.22   09.22   14.19   14.22   41.44   11.19   42.52   17.17   20.20
Courte__11       24.28  25.26   14.17   21.24   17.20   20.23   24.24   14.19   23.23   39.43   18.18   58.64   17.20   18.20
Courte__12       26.28  31.32   17.17   12.21   18.20   20.21   09.22   14.16   20.20   41.43   16.26   54.60   17.20   20.23
Courte__13       24.26  23.31   17.17   21.26   17.21   21.22   09.21   14.14   14.27   23.45   19.26   60.64   17.21   20.20
Courte__14       22.24  30.31   14.18   23.24   18.21   21.22   09.21   14.16   23.24   27.47   11.19   44.54   16.20   14.23
Courte__15       24.28  24.27   17.18   26.27   19.19   23.23   09.09   14.16   13.14   23.23   13.16   60.62   17.21   14.23
Courte__16       26.26  12.23   16.16   24.25   17.21   20.24   09.21   14.20   13.24   45.45   11.15   40.60   14.18   21.24
Courte__17       23.25  23.30   16.17   26.26   18.20   21.21   21.23   16.19   14.24   23.43   09.11   40.64   19.21   23.23
Courte__18       25.27  24.32   17.17   20.23   17.19   23.25   22.22   14.20   13.21   44.46   11.17   48.62   16.17   20.23
Courte__19       25.27  25.28   16.18   19.28   17.21   21.23   20.23   19.19   24.25   43.46   15.16   40.62   19.20   22.23
Courte__20       21.24  24.28   16.18   12.27   18.20   20.21   09.21   15.15   14.23   33.34   11.15   42.45   19.20   20.20
20	population_number___9
Meiri__1         23.28  16.16   17.18   24.26   15.20   22.23   20.23   14.16   14.22   41.41   19.20   48.56   16.17   20.21
Meiri__2         25.25  26.27   17.19   20.21   20.20   21.24   09.21   15.16   19.24   23.46   09.17   44.64   17.21   20.24
Meiri__3         20.25  20.31   14.17   24.26   17.19   22.25   23.24   15.18   20.25   23.43   20.26   45.46   20.21   21.24
Meiri__4         25.33  20.22   16.16   19.29   17.19   21.25   09.23   14.15   14.24   44.47   11.11   42.58   20.21   20.23
Meiri__5         21.25  12.23   17.17   19.25   20.20   20.22   09.21   14.15   13.24   42.51   15.26   40.45   15.22   17.18
Meiri__6         25.27  24.24   16.18   26.26   20.21   20.22   20.21   14.16   13.13   23.41   20.20   40.58   16.20   20.21
Meiri__7         20.29  16.29   17.17   12.25   20.20   20.22   20.21   14.17   14.25   23.41   09.26   52.62   14.20   20.22
Meiri__8         23.27  16.23   16.17   24.24   17.18   21.22   19.21   16.19   14.15   41.43   15.20   48.60   20.21   20.21
Meiri__9         25.27  28.30   16.18   25.26   18.21   20.20   21.22   14.17   13.14   23.44   11.20   40.42   14.21   17.20
Meiri__10        20.29  13.23   14.18   25.27   20.20   20.23   21.23   14.17   15.19   23.46   16.17   40.60   19.20   20.21
Meiri__11        24.30  13.20   16.18   24.25   18.19   25.25   09.23   15.19   13.24   27.46   11.13   42.44   17.18   20.22
Meiri__12        24.24  20.28   16.16   19.19   20.20   20.23   09.19   15.19   19.22   43.44   11.20   46.64   15.21   20.21
Meiri__13        21.24  24.31   16.17   20.24   17.20   22.24   21.26   14.18   14.15   35.42   09.17   60.64   15.21   14.20
Meiri__14        25.27  13.29   17.17   25.25   18.19   22.22   20.21   17.18   13.24   23.45   17.18   48.58   15.15   20.21
Meiri__15        21.29  13.32   14.18   25.26   15.17   22.23   09.23   14.15   13.24   42.50   17.20   44.56   20.21   20.20
Meiri__16        28.29  16.31   18.18   21.25   22.24   20.22   21.23   19.19   13.25   23.23   11.15   40.46   17.21   21.21
Meiri__17        23.27  27.28   16.17   19.21   18.25   21.23   21.23   14.19   22.22   33.44   11.11   42.49   20.21   20.20
Meiri__18        21.27  24.30   17.17   20.25   18.20   22.23   21.24   14.18   15.24   31.35   11.17   42.64   15.16   20.20
Meiri__19        18.28  23.28   16.17   22.27   17.20   21.24   09.21   15.18   24.25   27.41   15.17   40.44   17.21   14.20
Meiri__20        26.28  13.13   17.18   21.25   17.20   21.23   20.23   14.15   13.13   34.41   11.27   44.64   14.20   14.20
20	population_number___10
Eysins__01 	 26.30  16.28   14.14   20.25   20.23   22.27   22.24   14.19   13.22   27.41   12.16   44.46   16.18   20.20
Eysins__02       20.25  26.29   17.18   19.26   22.23   20.21   09.24   11.16   24.26   27.34   12.16   60.60   15.20   22.25
Eysins__03       20.29  16.28   16.17   25.25   19.23   21.22   09.22   14.14   20.22   27.43   19.19   44.44   19.21   20.24
Eysins__04       28.30  16.23   14.17   21.26   17.20   22.23   09.20   14.18   13.24   31.44   12.12   44.44   17.22   20.20
Eysins__05       22.28  23.29   17.17   19.24   17.25   23.23   09.21   14.19   14.26   23.48   15.24   58.64   14.21   23.24
Eysins__06       25.28  21.28   16.17   12.23   17.17   22.23   09.22   16.19   13.23   43.43   11.16   40.44   19.20   20.20
Eysins__07       22.28  13.16   16.16   24.25   18.20   21.22   09.23   15.18   19.23   27.31   18.19   44.62   19.20   20.20
Eysins__08       23.28  27.28   16.18   24.25   20.22   20.25   09.09   16.17   24.28   23.43   15.20   60.62   18.19   22.23
Eysins__09       25.29  13.28   16.17   19.23   17.19   20.25   21.22   11.14   14.19   23.23   19.19   54.56   21.21   20.20
Eysins__10       24.28  25.26   16.18   24.25   20.22   22.24   09.25   14.19   14.22   41.47   11.19   62.62   18.19   20.20
Eysins__11       28.31  13.13   16.18   19.22   20.24   20.23   09.22   17.18   15.22   41.50   11.19   42.60   14.17   21.23
Eysins__12       27.29  13.23   17.17   19.25   21.23   22.23   23.25   17.19   13.13   44.44   11.19   42.62   21.22   20.23
Eysins__13       20.26  13.31   17.17   19.26   19.20   21.24   09.25   11.14   14.24   23.23   15.17   62.62   15.21   20.23
Eysins__14       20.31  25.31   17.19   19.25   17.20   20.25   21.23   14.19   13.24   23.23   17.20   56.68   15.15   20.23
Eysins__15       25.25  21.28   16.16   19.23   20.20   23.23   19.23   18.19   14.15   23.27   11.20   58.62   17.21   20.21
Eysins__16       29.31  13.13   16.17   21.21   18.19   21.22   09.09   14.14   19.24   33.46   11.20   44.58   20.21   19.20
Eysins__17       25.32  23.23   16.17   23.25   19.20   23.25   09.21   14.16   20.23   23.43   16.25   40.60   20.21   23.27
Eysins__18       24.26  16.23   17.17   21.25   20.20   19.25   09.21   15.20   13.23   23.46   11.15   56.60   21.22   20.24
Eysins__19       28.29  23.31   16.18   23.28   17.20   20.22   21.21   14.14   19.24   44.45   16.17   44.58   20.20   17.20
Eysins__20       25.35  13.23   16.17   20.24   19.25   21.22   19.23   15.20   21.22   23.48   17.17   40.44   18.19   22.23
20	population_number___11
Fully__01	26.28	24.28	14.16	19.24	17.18	23.25	09.23	14.14	14.22	23.34	11.16	44.58	14.19	20.22
Fully__02	28.29	13.29	14.16	21.25	17.19	21.23	09.22	14.19	17.22	23.45	17.26	44.44	20.22	14.24
Fully__03	25.26	13.27	14.17	23.26	17.18	21.25	21.24	14.20	19.20	43.43	11.19	54.62	14.16	17.23
Fully__04	23.28	13.24	14.17	21.21	20.22	22.23	09.26	16.19	14.23	23.36	12.17	40.62	15.20	18.24
Fully__05	33.34	16.30	16.17	21.29	17.20	21.22	09.22	14.19	24.24	36.36	15.17	40.42	15.15	20.25
Fully__06	33.34	13.16	17.18	21.24	17.20	18.22	09.24	14.19	13.13	23.43	15.17	44.52	15.17	20.23
Fully__07	25.25	13.16	14.17	21.23	18.18	22.23	20.23	17.19	14.14	27.34	11.16	54.54	17.21	17.18
Fully__08	27.27	15.27	14.16	21.25	19.22	23.25	09.21	14.16	20.22	23.46	16.21	42.44	14.22	20.24
Fully__09	28.33	13.15	14.16	19.25	18.19	21.25	09.21	16.19	17.21	43.46	11.19	44.60	14.18	21.23
Fully__10	25.28	13.30	14.14	12.26	17.20	22.22	09.21	14.17	23.25	23.23	11.26	40.44	17.18	24.25
Fully__11	23.25	27.29	17.18	21.24	21.22	19.23	22.23	14.20	23.26	25.36	11.20	40.60	20.20	24.25
Fully__12	25.29	21.24	14.17	25.26	17.19	22.25	09.21	14.17	22.23	23.23	11.11	44.58	17.21	18.25
Fully__13	26.28	13.17	17.17	12.21	20.20	20.23	22.27	14.19	23.24	27.43	11.16	44.44	15.20	14.20
Fully__14	27.28	15.16	17.18	21.24	19.19	22.23	09.09	14.19	21.23	27.27	17.17	52.58	15.15	24.25
Fully__15	25.25	13.29	17.18	21.21	17.21	21.22	09.23	14.14	17.26	43.43	11.11	36.40	15.20	17.25
Fully__16	25.29	20.21	14.14	20.26	18.20	20.22	09.09	17.17	23.25	23.27	11.11	44.58	14.17	25.25
Fully__17	23.27	17.24	14.18	24.24	17.17	20.22	09.21	14.14	14.23	23.36	15.16	40.64	15.19	18.23
Fully__18	23.28	24.28	14.17	21.23	17.17	20.21	21.23	14.14	14.23	36.43	11.17	54.60	18.21	17.18
Fully__19	18.26	18.24	14.17	19.21	21.22	21.22	19.22	16.16	23.24	23.23	17.17	42.51	15.20	20.20
Fully__20	26.28	13.23	14.18	12.24	20.21	22.23	09.26	16.19	13.25	23.23	21.26	40.58	16.17	23.24
20	population_number___12
Raro__1         26.30   29.33   17.18   20.25   17.17   20.21   22.25   16.18   14.22   23.23   11.20   42.54   16.18   20.26
Raro__2         26.28   13.30   14.14   20.23   20.23   20.20   20.22   13.14   23.24   23.41   17.20   46.58   14.15   21.23
Raro__3         25.35   13.23   16.16   19.27   17.20   20.24   21.23   16.17   14.14   23.44   17.26   46.58   14.15   20.23
Raro__4         26.28   13.15   14.17   20.24   21.22   20.20   09.22   13.14   14.26   23.43   13.17   40.48   18.18   20.22
Raro__5         26.29   16.25   14.19   20.23   17.18   20.22   09.23   15.17   14.24   23.43   16.20   58.62   15.21   20.24
Raro__6         24.29   25.30   14.17   23.25   17.18   20.21   22.25   14.14   20.22   23.27   16.19   40.58   17.21   21.21
Raro__7         23.28   17.18   14.17   19.28   22.22   21.21   09.22   16.19   19.25   43.52   11.17   44.62   14.15   22.23
Raro__8         23.29   18.28   14.14   19.20   20.22   19.20   09.19   14.18   20.22   25.43   11.26   56.64   14.16   21.23
Raro__9         25.26   28.32   14.17   24.26   17.22   20.22   20.23   14.18   14.27   23.35   19.20   44.62   15.15   20.22
Raro__10        23.28   18.28   14.17   19.23   17.20   20.20   22.24   14.17   14.23   35.41   16.20   42.47   18.21   20.23
Raro__11        23.35   15.28   14.14   20.21   17.23   20.21   20.23   14.14   19.23   23.43   16.17   44.58   14.20   18.25
Raro__12        22.29   16.28   16.17   21.26   17.20   20.24   09.21   14.14   27.28   23.27   17.19   42.62   15.17   17.25
Raro__13        25.25   18.28   14.16   20.26   17.21   21.22   22.22   13.16   13.22   37.37   17.17   40.64   16.21   20.25
Raro__14        25.31   26.28   14.18   21.25   20.22   21.21   09.26   13.14   22.26   23.23   11.26   42.46   17.22   17.22
Raro__15        25.25   25.27   14.17   19.25   17.17   20.23   21.22   14.15   14.23   23.23   17.17   42.42   15.20   20.20
Raro__16        25.26   13.30   14.17   19.25   20.20   20.21   23.23   15.18   13.25   23.41   11.13   46.54   15.16   23.24
Raro__17        22.29   16.26   14.16   21.24   17.20   21.22   21.22   13.14   22.25   23.42   13.19   48.50   14.14   24.26
Raro__18        23.31   13.28   14.17   21.23   17.17   18.20   23.24   13.17   15.24   37.44   13.16   44.48   21.21   20.25
Raro__19        24.28   25.26   17.17   19.25   17.17   20.20   09.22   13.14   14.23   37.43   17.19   42.46   16.21   20.23
Raro__20        25.29   23.28   14.18   19.25   21.21   20.21   19.22   14.15   19.23   43.52   16.17   54.62   14.16   20.24
20	population_number___13
Naters__01       26.26  13.29   17.17   24.26   17.21   21.21   23.25   19.19   21.26   23.43   17.17   42.58   17.20   22.22
Naters__02  	 22.25  24.26   17.17   24.25   17.21   20.23   09.21   14.17   22.22   43.44   15.25   48.64   20.21   22.24
Naters__03  	 22.31  16.30  	14.17   19.25   18.20   20.21   09.09   14.17   13.24   23.41   15.17   60.62   17.21   20.22
Naters__04  	 26.28  17.26   14.14   21.21   18.21   22.22   23.23   14.14   22.24   43.44   17.17   51.62   16.18   22.22
Naters__05  	 24.27  23.25   14.14   19.26   18.22   20.21   09.23   14.14   14.24   41.43   11.26   44.58   15.18   20.22
Naters__06  	 25.30  25.25   17.17   24.25   17.21   21.22   09.22   14.14   22.25   33.44   17.19   58.60   16.18   23.25
Naters__07  	 23.32  28.31   16.17   19.26   17.21   20.22   09.24   14.17   23.24   23.44   16.17   58.62   14.15   20.20
Naters__08  	 24.27  13.25   14.17   24.25   21.22   20.21   20.25   14.14   14.21   23.23   20.26   42.44   15.17   20.22
Naters__09  	 20.28  16.30   17.17   12.25   20.22   21.21   21.25   14.16   24.24   44.52   20.26   46.62   20.20   22.23
Naters__10  	 27.27  13.25   14.14   20.24   17.21   20.21   09.21   14.14   23.23   23.44   18.18   48.60   16.20   20.20
Naters__11  	 20.26  29.30   16.18   19.29   17.20   20.21   09.25   14.19   19.24   23.41   17.26   42.62   15.20   22.24
Naters__12  	 22.27  23.24   14.16   25.25   17.20   20.23   20.23   13.14   22.24   23.25   15.26   48.60   16.17   22.25
Naters__13  	 29.30  23.30   14.18   21.24   17.17   20.22   21.23   13.14   19.26   23.23   17.22   40.42   16.19   20.21
Naters__14  	 28.30  13.28   14.18   22.24   23.23   20.21   21.22   13.14   14.22   23.23   15.17   42.64   15.20   21.23
Naters__15  	 23.34  23.29   17.17   19.25   17.17   22.22   22.23   17.19   20.22   23.43   11.17   48.54   16.21   17.25
Naters__16  	 27.32  28.31   16.17   19.26   17.20   20.23   09.22   14.19   23.24   43.44   17.20   46.62   14.15   20.20
Naters__17  	 26.29  16.25   16.17   19.25   17.17   20.20   09.09   14.17   13.14   35.43   13.16   42.58   14.21   21.24
Naters__18  	 28.31  13.29   14.17   25.25   18.18   20.23   09.22   13.17   17.20   23.23   11.11   54.66   17.18   21.23
Naters__19  	 23.28  23.28   14.17   25.26   17.21   22.25   09.23   14.17   24.25   44.46   17.20   60.64   16.20   21.23
Naters__20  	 26.35  13.28   17.17   19.25   17.17   21.22   09.22   14.14   14.22   23.35   15.19   42.51   18.21   20.23

