name / locus,C113,H29,H19,E24,D9


Aglie 1,0707,2125,1719,2731,2232
Aglie 2,0707,2425,2027,1632,2829
Aglie 3,0707,2021,2325,2730,2530
Aglie 4,0707,2425,2121,2727,2529
Aglie 5,0707,2025,1921,2729,2832
Aglie 6,0707,2526,2323,2829,2528
Aglie 7,0707,2022,2123,2126,2627
Aglie 8,0707,2125,1922,1628,2829
Aglie 9,0707,2526,1921,1527,2429
Aglie 10,0707,2021,2224,2929,2628
Aglie 11,0707,1927,2021,1531,2628
Aglie 12,0707,2123,2227,1629,2328
Aglie 13,0707,2021,1920,1515,2628
Aglie 14,0707,1219,1919,2930,2830
Aglie 15,0707,1926,1719,2331,2525
Aglie 16,0707,2424,1921,1528,2628
Aglie 17,0707,1220,2223,2530,2728
Aglie 18,0707,2224,2122,2932,2628
Aglie 19,0707,1922,2023,2425,2429
Aglie 20,0707,2225,1921,1532,2526
1,AG    6,7,0,0,26,26,29,30,25,25
2,AG    6,7,11,23,19,21,15,29,27,27
3,AG    6,7,0,0,19,21,16,29,29,29
4,AG    6,7,17,23,19,21,23,34,19,25
5,AG    6,7,20,20,21,21,15,16,28,30
7,AG    4,6,0,0,18,19,17,22,23,27
10,AG    4,6,20,20,13,28,27,27,23,32
11,AG    6,7,19,19,18,18,15,29,21,28
12,AG    6,7,18,24,21,28,16,27,25,25
13,AG    4,6,0,0,13,28,25,29,22,22
14,AG    7,7,21,23,20,20,28,29,24,25
15,AG    7,7,18,23,21,22,0,0,23,28
16,AG    6,6,0,0,28,28,22,34,21,25
17,AG    4,7,0,0,20,20,17,23,17,23
18,AG    6,7,18,22,0,0,13,27,23,23
19,AG    6,7,18,22,0,0,25,25,17,30
1,Staffarda,guano,7,7,0,0,22,28,16,29,14,25
2,Staffarda,guano,7,7,0,0,22,27,21,31,21,30
3,Staffarda,guano,7,7,31,40,19,21,15,24,15,25
4,Staffarda,guano,7,7,0,0,28,28,0,0,0,0
5,Staffarda,guano,6,6,0,0,28,28,0,0,14,25
6,Staffarda,guano,0,0,0,0,28,28,0,0,14,24
7,Staffarda,guano,7,7,31,31,23,23,15,29,28,28
8,Staffarda,guano,6,8,0,0,28,28,25,26,15,21
9,Staffarda,guano,7,7,20,32,20,24,16,29,18,28
10,Staffarda,guano,7,7,0,0,20,20,15,26,0,0
11,Staffarda,guano,7,7,31,46,20,24,15,29,23,28
12,Staffarda,guano,7,7,0,0,20,20,31,31,27,28
13,Staffarda,guano,6,7,28,41,21,21,11,25,35,35
14,Staffarda,guano,7,7,29,40,21,24,12,23,25,28
15,Staffarda,guano,7,7,31,31,21,21,15,23,15,26
16,Staffarda,guano,7,7,19,23,20,22,28,29,25,28
17,Staffarda,guano,7,7,19,44,20,21,28,32,24,26
18,Staffarda,guano,7,7,31,31,21,28,15,32,25,26
19,Staffarda,guano,7,8,38,43,21,25,22,27,25,28
20,Staffarda,guano,7,7,0,0,22,22,24,24,14,27
21,Staffarda,guano,7,7,0,0,20,20,15,15,14,22
22,Staffarda,guano,6,7,22,23,20,20,0,0,25,25
23,Staffarda,guano,7,7,33,39,22,24,17,23,26,26
24,Staffarda,guano,6,6,43,50,0,0,25,32,15,15
25,Staffarda,guano,6,7,0,0,21,21,0,0,14,25
26,Staffarda,guano,7,7,0,0,28,28,0,0,14,24
27,Staffarda,guano,7,7,0,0,18,20,15,31,28,29
28,Staffarda,guano,7,7,0,0,20,28,27,27,14,25
29,Staffarda,guano,7,7,0,0,20,20,29,29,14,25
30,Staffarda,guano,7,7,0,0,20,22,23,29,18,25
31,Staffarda,guano,7,7,0,0,20,28,15,29,15,25
32,Staffarda,guano,6,6,0,0,28,28,24,30,15,25
33,Staffarda,guano,7,7,0,0,21,25,16,27,25,25
34,Staffarda,guano,7,7,0,0,22,28,15,26,14,26
35,Staffarda,guano,7,7,39,46,20,23,22,29,26,26
36,Staffarda,guano,7,7,19,23,28,28,29,29,25,30
37,Staffarda,guano,6,7,0,0,23,28,15,29,27,28
38,Staffarda,guano,7,7,42,48,22,24,26,31,28,28
39,Staffarda,guano,6,6,0,0,28,28,24,35,17,23
40,Staffarda,guano,6,7,0,0,20,28,24,32,29,29
41,Staffarda,guano,6,7,31,31,24,24,15,30,25,25
42,Staffarda,guano,6,7,0,0,28,28,25,29,18,18
43,Staffarda,guano,7,7,0,0,21,26,28,29,14,18
44,Staffarda,guano,6,7,0,0,28,28,15,27,21,29
45,Staffarda,guano,7,7,0,0,21,28,27,43,24,25
6b,Staffarda,guano,6,7,0,0,20,20,15,32,27,27
3,SV    7,7,21,25,21,23,27,27,13,23
4,SV    0,0,19,23,0,0,0,0,0,0
51,SV    7,7,20,26,23,23,15,15,28,29
53,SV    7,7,20,25,21,21,23,28,25,25
54,SV    7,7,22,23,21,25,13,32,25,29
55,SV    7,7,20,20,22,22,23,32,20,30
57,SV    7,7,22,25,20,21,27,32,24,30
58,SV    7,7,23,23,18,22,15,27,23,31
59,SV    7,7,19,20,19,21,0,0,25,26
60,SV    7,7,21,24,21,22,13,30,21,23
62,SV    7,7,18,19,22,23,15,30,25,26
63,SV    6,7,20,23,21,22,15,26,26,27
64,SV    7,7,19,21,18,22,29,29,23,25
65,SV    7,7,20,21,19,19,21,26,0,0
67,SV    7,7,18,18,21,22,29,30,23,23
72,SV    0,0,11,22,20,21,14,29,27,30
73,SV    3,3,19,24,0,0,27,28,0,0
74,SV    0,0,20,24,20,21,13,23,22,32
1,VN,guano,5,7,0,0,20,21,16,27,24,25
2,VN,guano,6,7,18,18,0,0,17,28,24,25
3,VN,guano,5,7,43,22,20,21,13,15,23,24
13,VN,guano,5,7,18,21,21,28,14,25,23,24
16,VN,guano,5,7,23,26,18,21,23,28,21,29
18,VN,guano,5,7,18,17,20,21,14,14,24,24
36,VN,guano,5,7,16,14,20,20,25,26,0,0
38,VN,guano,5,7,17,25,21,21,15,15,25,25
40,VN,guano,4,5,0,0,21,27,17,24,23,23
41,VN,guano,4,7,22,22,28,28,22,22,24,24
42,VN,guano,6,8,18,20,28,28,29,31,13,17
43,VN,guano,5,7,20,20,18,21,24,29,21,29
46,VN,guano,5,7,20,20,24,28,14,26,23,23
47,VN,guano,5,7,21,19,21,27,26,27,24,27
1,VerruaSavoia    5,5,18,18,28,28,0,0,0,0
4,VerruaSavoia    5,7,21,21,28,28,0,0,0,0
5,VerruaSavoia    5,7,19,20,20,28,20,29,14,20
6,VerruaSavoia    5,7,0,0,28,28,0,0,0,0
7,VerruaSavoia    5,5,15,15,28,28,27,39,23,23
10,VerruaSavoia    5,5,19,36,21,28,20,27,28,29
13,VerruaSavoia    6,7,17,17,28,28,22,29,23,23
27,VerruaSavoia    5,7,18,24,21,28,26,30,27,28
2,VerruaSavoia    0,0,18,19,13,13,0,0,23,24
4,VerruaSavoia    6,6,8,8,9,9,20,23,23,24
5,VerruaSavoia    7,8,0,0,12,13,23,26,14,25
6,VerruaSavoia    6,6,22,22,13,28,24,25,17,17
7,VerruaSavoia    6,6,18,19,12,13,25,25,0,0
8,VerruaSavoia    7,7,0,0,13,28,27,29,22,23
9,VerruaSavoia    0,0,20,20,12,13,0,0,17,21
10,VerruaSavoia    6,7,19,19,13,28,33,33,17,21
11,VerruaSavoia    6,7,19,19,18,24,25,26,14,20
12,VerruaSavoia    0,0,20,20,28,28,34,36,21,25
13,VerruaSavoia    6,6,23,23,28,28,25,26,0,0
23,VerruaSavoia    6,7,14,14,20,24,25,25,26,27
24,VerruaSavoia    6,7,14,20,0,0,29,35,13,25
25,VerruaSavoia    6,6,19,20,13,24,28,37,20,24
27,VerruaSavoia    6,6,22,22,13,13,35,40,23,23
31,VerruaSavoia    6,7,0,0,13,21,17,17,21,24
36,VerruaSavoia    6,6,22,22,12,19,28,29,18,18
39,VerruaSavoia    6,6,13,16,28,28,15,36,21,25
2,VerruaSavoia    7,7,21,21,21,21,23,26,23,28
11,VerruaSavoia    6,7,19,20,21,22,24,24,17,20
12,VerruaSavoia    6,7,19,20,20,21,22,23,17,20
15,VerruaSavoia    6,7,19,20,20,21,19,23,24,25
18,VerruaSavoia    6,7,18,19,21,27,25,25,17,23

Annonay 1,0707,1427,2224,1313,2929
Annonay 2,0707,2230,2021,3233,2731
Annonay 3,0707,2627,1821,2430,2630
Annonay 4,0707,2526,2122,2428,2426
Annonay 5,0707,1227,2525,2324,2932
Annonay 6,0707,1422,2021,1317,2131
Annonay 7,0707,1925,2324,2525,2529
Annonay 8,0707,2425,2024,1316,2830
Annonay 9,0607,2020,2424,2536,2828
Annonay 10,0707,1526,2323,2230,2128
Annonay 11,0707,1924,2124,2630,2929
Annonay 12,0607,2527,2123,2427,1629
Annonay 13,0707,2024,2023,1323,2828
Annonay 14,0707,2526,2024,2531,2121
Annonay 15,0707,1921,2123,2531,2530
Annonay 16,0707,1224,2225,1327,3233
Annonay 17,0707,1924,2122,2830,2426
Annonay 18,0707,2426,2325,1330,2429
Annonay 19,0707,1414,2123,1328,2224
Annonay 20,0707,2626,2222,2730,2830
Balme d'Epy 1,0707,1923,2125,2332,2026
Balme d'Epy 2,0707,1924,1922,2529,2431
Balme d'Epy 3,0707,2126,2021,1325,2429
Balme d'Epy 4,0707,2627,2325,2328,2830
Balme d'Epy 5,0707,2324,2224,2627,2428
Balme d'Epy 6,0707,1426,2021,1629,2324
Balme d'Epy 7,0707,1924,2122,1632,2530
Balme d'Epy 8,0707,1415,2023,1628,2728
Balme d'Epy 9,0707,2526,2021,1624,2033
Balme d'Epy 10,0707,1220,2122,1327,2028
Balme d'Epy 11,0707,2027,2122,1226,2930
Balme d'Epy 12,0707,2527,2223,2528,2028
Balme d'Epy 13,0707,1924,2123,2629,2028
Balme d'Epy 14,0707,1921,2020,2328,2933
Balme d'Epy 15,0707,2526,2122,1627,2530
Balme d'Epy 16,0707,1519,2225,2829,2027
Balme d'Epy 17,0707,2425,1825,2730,2835
Balme d'Epy 18,0707,2427,2023,2728,3133
Balme d'Epy 19,0707,2626,2122,2626,2230
Balme d'Epy 20,0707,2427,1924,1328,2530
Ougney 1,0707,1218,2024,2124,1831
Ougney 2,0707,1924,2222,1324,2325
Ougney 3,0707,2126,1821,1620,2228
Ougney 4,0707,1928,2022,1313,3334
Ougney 5,0707,1225,2022,1623,2027
Ougney 6,0707,2424,2022,2324,2528
Ougney 7,0707,2025,2024,3031,2529
Ougney 8,0707,2324,2121,1316,3031
Ougney 9,0707,2425,2021,2425,2028
Ougney 10,0707,2424,2021,2323,2528
Ougney 11,0707,1221,1924,1621,2425
Ougney 12,0707,2426,2124,1328,2529
Ougney 13,0707,1225,2123,1330,2627
Ougney 14,0707,2325,2022,2930,2829
Ougney 15,0707,2526,2222,1324,2526
Ougney 16,0707,2426,2323,1723,1824
Ougney 17,0707,1924,2222,1325,2529
Ougney 18,0707,1927,1821,1324,2432
Ougney 19,0707,1426,2122,1323,2428
Ougney 20,0707,1820,2020,2832,3031
St-Hippolyte 1,0707,2426,2323,1331,2426
St-Hippolyte 2,0707,2222,2222,1325,2729
St-Hippolyte 3,0707,1926,2121,2130,1824
St-Hippolyte 4,0707,2024,2225,1323,2530
St-Hippolyte 5,0707,2225,2123,2831,2425
St-Hippolyte 6,0707,2528,2123,1920,2628
St-Hippolyte 7,0707,2527,2123,2228,2432
St-Hippolyte 8,0707,1924,2122,2430,1824
St-Hippolyte 9,0707,2427,2024,2528,2626
St-Hippolyte 10,0707,2125,2020,2828,2434
St-Hippolyte 11,0707,2227,2223,2629,1833
St-Hippolyte 12,0707,1925,2020,1326,2425
St-Hippolyte 13,0707,2525,2024,3031,3031
St-Hippolyte 14,0707,2425,2022,3032,2326
St-Hippolyte 15,0607,2226,2125,1631,2627
St-Hippolyte 16,0707,1220,2125,2626,2829
St-Hippolyte 17,0707,1919,2021,2730,2224
St-Hippolyte 18,0707,2424,2123,1322,2324
St-Hippolyte 19,0707,2425,1922,2530,2527
St-Hippolyte 20,0707,2025,1820,1330,2627
Perreux 1,0707,1222,2223,1624,2430
Perreux 2,0707,1424,2323,2128,2127
Perreux 3,0707,2126,2125,2430,1829
Perreux 4,0707,2531,2022,1323,2531
Perreux 5,0707,1224,2121,1333,1823
Perreux 6,0707,2627,2525,2431,2229
Perreux 7,0707,1925,2020,1927,3030
Perreux 8,0707,2025,2020,2930,2526
Perreux 9,0707,1826,2023,2830,2831
Perreux 10,0707,2326,2123,1326,2027
Perreux 11,0707,2226,2123,2531,2425
Perreux 12,0707,2123,2222,1327,2528
Perreux 13,0707,1921,2122,1627,2028
Perreux 14,0707,2424,2122,1631,2530
Perreux 15,0707,1226,1823,2628,2628
Perreux 16,0707,2124,2022,1624,2025
Perreux 17,0707,2426,2020,2931,2530
Perreux 18,0607,1420,2123,1321,2225
Perreux 19,0707,2124,2222,1329,2224
Perreux 20,0707,2426,2022,1631,2529
Corbières 1,0707,1225,2223,1226,2932
Corbières 2,0707,2424,2323,2324,2233
Corbières 3,0707,1427,2123,1925,2325
Corbières 4,0707,2326,2021,1624,2730
Corbières 5,0707,2024,2021,2626,2526
Corbières 6,0707,2525,2325,2232,2528
Corbières 7,0707,2425,2122,2429,2225
Corbières 8,0707,1921,2224,1228,2535
Corbières 9,0707,2626,2124,1324,2930
Corbières 10,0707,2527,2123,1721,2431
Corbières 11,0707,1920,2225,1313,2830
Corbières 12,0707,2627,2223,1326,2425
Corbières 13,0707,2526,2124,2431,2225
Corbières 14,0707,2424,2122,2324,2233
Corbières 15,0707,1226,2122,2631,2425
Corbières 16,0707,1921,2122,2830,2229
Corbières 17,0707,2426,2225,2427,2425
Corbières 18,0707,2426,2123,2530,2227
Corbières 19,0707,1224,2222,2728,2228
Corbières 20,0707,2424,2022,1321,2424
Courtételle 1,0707,1226,2122,2431,2026
Courtételle 2,0707,2425,2123,2728,2828
Courtételle 3,0707,2223,2225,2426,1830
Courtételle 4,0707,2026,2122,1625,2425
Courtételle 5,0707,1230,2123,2325,2828
Courtételle 6,0707,1230,2021,2529,2325
Courtételle 7,0707,2525,2021,1326,2425
Courtételle 8,0707,2526,2022,1324,2425
Courtételle 9,0707,2327,2021,2930,2224
Courtételle 10,0707,2426,2022,1329,2327
Courtételle 11,0707,2124,2023,2526,2428
Courtételle 12,0707,1221,2021,3132,2628
Courtételle 13,0707,2126,2122,2331,2426
Courtételle 14,0707,2324,2122,3031,2224
Courtételle 15,0707,2627,2323,2427,2428
Courtételle 16,0707,2425,2024,1223,2626
Courtételle 17,0707,2626,2121,2330,2325
Courtételle 18,0707,2023,2325,2432,2527
Courtételle 19,0707,1928,2123,2528,2527
Courtételle 20,0707,1227,2021,2428,2124
Meiringen 1,0707,2426,2223,1616,2328
Meiringen 2,0707,2021,2124,2627,2525
Meiringen 3,0707,2426,2225,2031,2025
Meiringen 4,0707,1929,2125,2022,2533
Meiringen 5,0707,1925,2022,1223,2125
Meiringen 6,0707,2626,2022,2424,2527
Meiringen 7,0707,1225,2022,1629,2029
Meiringen 8,0707,2424,2122,1623,2327
Meiringen 9,0707,2526,2020,2830,2527
Meiringen 10,0707,2527,2023,1323,2029
Meiringen 11,0707,2425,2525,1320,2430
Meiringen 12,0707,1919,2023,2028,2424
Meiringen 13,0707,2024,2224,2431,2124
Meiringen 14,0707,2525,2222,1329,2527
Meiringen 15,0707,2526,2223,1332,2129
Meiringen 16,0707,2125,2022,1631,2829
Meiringen 17,0707,1921,2123,2728,2327
Meiringen 18,0707,2025,2223,2430,2127
Meiringen 19,0707,2227,2124,2328,1828
Meiringen 20,0707,2125,2123,1313,2628
Eysins 1,0707,2025,2227,1628,2630
Eysins 2,0707,1926,2021,2629,2025
Eysins 3,0707,2525,2122,1628,2029
Eysins 4,0707,2126,2223,1623,2830
Eysins 5,0707,1924,2323,2329,2228
Eysins 6,0707,1223,2223,2128,2528
Eysins 7,0707,2425,2122,1316,2228
Eysins 8,0707,2425,2025,2728,2328
Eysins 9,0707,1923,2025,1328,2529
Eysins 10,0707,2425,2224,2526,2428
Eysins 11,0707,1922,2023,1313,2831
Eysins 12,0707,1925,2223,1323,2729
Eysins 13,0707,1926,2124,1331,2026
Eysins 14,0707,1925,2025,2531,2031
Eysins 15,0607,1923,2323,2128,2525
Eysins 16,0707,2121,2122,1313,2931
Eysins 17,0707,2325,2325,2323,2532
Eysins 18,0707,2125,1925,1623,2426
Eysins 19,0707,2328,2022,2331,2829
Eysins 20,0707,2024,2122,1323,2535
Fully 1,0707,1924,2325,2428,2628
Fully 2,0707,2125,2123,1329,2829
Fully 3,0707,2326,2125,1327,2526
Fully 4,0707,2121,2223,1324,2328
Fully 5,0707,2129,2122,1630,3334
Fully 6,0707,2124,1822,1316,3334
Fully 7,0707,2123,2223,1316,2525
Fully 8,0707,2125,2325,1527,2727
Fully 9,0707,1925,2125,1315,2833
Fully 10,0707,1226,2222,1330,2528
Fully 11,0707,2124,1923,2729,2325
Fully 12,0707,2526,2225,2124,2529
Fully 13,0707,1221,2023,1317,2628
Fully 14,0707,2124,2223,1516,2728
Fully 15,0707,2121,2122,1329,2525
Fully 16,0707,2026,2022,2021,2529
Fully 17,0707,2424,2022,1724,2327
Fully 18,0707,2123,2021,2428,2328
Fully 19,0707,1921,2122,1824,1826
Fully 20,0707,1224,2223,1323,2628
Raron 1,0707,2025,2021,2933,2630
Raron 2,0707,2023,2020,1330,2628
Raron 3,0707,1927,2024,1323,2535
Raron 4,0707,2024,2020,1315,2628
Raron 5,0707,2023,2022,1625,2629
Raron 6,0707,2325,2021,2530,2429
Raron 7,0707,1928,2121,1718,2328
Raron 8,0707,1920,1920,1828,2329
Raron 9,0707,2426,2022,2832,2526
Raron 10,0707,1923,2020,1828,2328
Raron 11,0707,2021,2021,1528,2335
Raron 12,0707,2126,2024,1628,2229
Raron 13,0707,2026,2122,1828,2525
Raron 14,0707,2125,2121,2628,2531
Raron 15,0707,1925,2023,2527,2525
Raron 16,0707,1925,2021,1330,2526
Raron 17,0707,2124,2122,1626,2229
Raron 18,0707,2123,1820,1328,2331
Raron 19,0707,1925,2020,2526,2428
Raron 20,0707,1925,2021,2328,2529
Naters 1,0707,2426,2121,1329,2626
Naters 2,0707,2425,2023,2426,2225
Naters 3,0707,1925,2021,1630,2231
Naters 4,0707,2121,2222,1726,2628
Naters 5,0707,1926,2021,2325,2427
Naters 6,0707,2425,2122,2525,2530
Naters 7,0707,1926,2022,2831,2332
Naters 8,0707,2425,2021,1325,2427
Naters 9,0707,1225,2121,1630,2028
Naters 10,0707,2024,2021,1325,2727
Naters 11,0707,1929,2021,2930,2026
Naters 12,0707,2525,2023,2324,2227
Naters 13,0707,2124,2022,2330,2930
Naters 14,0707,2224,2021,1328,2830
Naters 15,0707,1925,2222,2329,2334
Naters 16,0707,1926,2023,2831,2732
Naters 17,0707,1925,2020,1625,2629
Naters 18,0707,2525,2023,1329,2831
Naters 19,0707,2526,2225,2328,2328
Naters 20,0707,1925,2122,1328,2635

